@kappa
true
[-8, -6, -4, 0, -12, -4, -6, -8]
[-2, -2, -2, -2, 0, -2, -2, -2]
[0, 0, 0, 0, 0, 0, 0, 0]
[0, 0, 0, 0, -2, 0, 0, 0]
[0, 0, 0, 0, 0, 3, 0, -10]
[0, 0, 0, 0, 3, 0, 0, 0]
[2, 2, 2, 2, 7, 0, 2, 2]
[8, 6, 4, 10, 12, 4, 0, 8]
@beta
true
[-8, -6, -4, 0, -12, -4, -6, -8]
[-2, -2, -2, -2, 0, -2, -2, -2]
[0, 0, 0, 0, 0, 0, 0, 0]
[0, 0, 0, 0, -2, 0, 0, 0]
[0, 0, 0, 0, 0, 3, 0, -10]
[0, 0, 0, 0, 3, 0, 0, 0]
[2, 2, 2, 2, 7, 0, 2, 2]
[8, 6, 4, 10, 12, 4, 0, 8]
@alpha
false
[-8, -6, -4, 0, -12, -4, -6, -8]
[-2, -2, -2, -2, 0, -2, -2, -2]
[0, 0, 0, 0, 0, 0, 0, 0]
[0, 0, 0, 0, -3, 0, 0, 0]
[0, 0, 0, 0, 0, 3, 0, -11]
[0, 0, 0, 0, 3, 0, 0, 0]
[2, 2, 2, 2, 0, 0, 2, 2]
[8, 6, 4, 10, 12, 4, 6, 8]
